0 0.04140625 0.56484375 0.08203125 0.11875
0 0.31796875 0.47109375 0.15234375 0.1390625
0 0.98671875 0.1953125 0.025 0.07578125
0 0.10390625 0.415625 0.13515625 0.11640625
0 0.51953125 0.31953125 0.11796875 0.090625
0 0.53203125 0.25390625 0.09765625 0.08515625
0 0.77109375 0.209375 0.084375 0.08125
0 0.56171875 0.21484375 0.071875 0.06328125
0 0.89140625 0.6609375 0.16796875 0.2
0 0.68046875 0.596875 0.16953125 0.17578125
0 0.8046875 0.1390625 0.05703125 0.05546875
0 0.753125 0.1390625 0.05625 0.0515625